225 101 0 0 1 0 0
265 101 0 0 1 0 0
303 93 0 1 1 0 0
341 94 0 0 1 0 0
381 93 0 1 1 0 0
417 92 0 0 1 0 0
453 94 0 1 1 0 0
494 93 0 0 1 0 0
532 94 0 1 1 0 0
568 94 0 0 1 0 0
599 92 0 1 1 0 0
640 94 0 0 1 0 0
677 94 0 0 1 0 0
715 93 0 1 0 0 0
225 132 1 0 0 0 0
266 131 1 0 0 1 1 Carabineros
303 131 0 1 0 1 0
341 131 1 0 0 1 0
379 130 0 1 0 1 0
416 130 1 0 0 1 0
453 131 0 1 0 1 0
493 131 1 0 0 1 0
532 131 0 1 0 1 0
568 131 1 0 0 1 0
600 130 0 1 0 1 0
640 130 1 0 0 1 0
676 131 1 0 0 1 0
718 131 1 1 0 1 0
226 155 1 0 1 0 0
265 154 1 0 1 0 0
305 154 0 1 1 0 0
342 156 1 0 1 0 0
380 155 0 1 1 0 0
417 155 1 0 1 0 0
453 155 0 1 1 0 0
493 155 1 0 1 0 0
532 155 0 1 1 0 1 Alameda Bernardo O'Higgins
568 154 1 0 1 0 0
600 156 0 1 1 0 0
640 154 1 0 1 0 0
678 157 1 0 1 0 0
719 156 1 1 0 0 0
226 193 1 0 1 0 0
266 194 1 0 1 0 0
304 194 0 1 1 0 0
344 194 1 0 1 0 0
380 194 0 1 1 0 0
416 194 1 0 1 0 0
455 194 0 1 1 0 0
493 193 1 0 1 0 0
533 192 0 1 1 0 0
568 194 1 0 1 0 0
604 191 0 1 1 0 0
641 192 0 0 1 0 0
678 192 1 0 1 0 0
720 192 1 1 0 0 1 Crea Centro Regional de Abastecimiento
228 232 1 0 0 0 0
266 234 1 0 0 1 2 Centro de Extensión U. de Talca Sernatur
304 233 0 1 0 1 0
341 234 1 0 0 1 0
380 233 0 1 0 1 0
417 233 1 0 0 1 0
453 235 0 1 0 1 1 Gimnasio Municipal
495 232 1 0 0 1 0
535 233 0 1 0 1 0
568 233 1 0 0 1 0
607 234 0 1 0 1 0
641 234 0 0 0 1 0
676 234 1 0 0 1 0
719 232 1 1 0 1 0
227 273 1 0 1 0 0
265 274 1 0 1 0 2 Catedral / Plaza de Armas
303 273 0 1 1 0 2 Municipalidad / Intendencia
341 273 1 0 1 0 1 Museo O'Higginiano
380 274 0 1 1 0 0
416 274 1 0 1 0 0
453 276 0 1 1 0 0
493 276 1 0 1 0 0
537 276 0 1 1 0 0
568 275 1 0 1 0 0
612 275 0 1 1 0 0
644 275 0 0 1 0 0
677 274 1 0 1 0 0
720 274 1 1 0 0 0
229 312 1 0 0 0 0
265 312 1 0 0 1 0
303 310 0 1 0 1 1 Correos de Chile
341 310 1 0 0 1 0
381 310 0 1 0 1 0
417 310 1 0 0 1 1 Mercado
454 311 0 1 0 1 0
492 311 1 0 0 1 0
533 311 0 1 0 1 0
568 311 1 0 0 1 0
617 311 0 1 0 1 0
646 311 0 0 0 1 0
675 310 1 0 0 1 0
721 311 1 1 0 1 0
229 347 1 1 1 0 0
266 347 1 0 1 1 0
304 347 0 1 1 1 0
343 347 1 0 1 1 0
379 347 0 1 1 1 0
416 347 1 0 1 1 0
453 347 0 1 1 1 1 Gobernación
492 346 1 0 1 1 0
535 346 0 1 1 1 0
570 344 1 0 1 1 1 Centro de Extensión U. Católica del Maule
620 346 0 1 1 1 1 Investigaciones Policía
647 345 0 0 1 1 0
674 345 1 1 1 1 0
719 344 1 1 0 1 1 Ferrocarriles del Sur
229 379 0 0 1 0 0
268 379 1 0 1 0 0
304 378 0 0 0 1 0
343 378 1 0 0 1 0
382 378 0 0 0 1 0
418 379 1 0 0 1 0
454 378 0 0 0 1 0
494 378 1 0 0 1 0
535 378 0 0 0 1 0
570 378 1 0 0 1 0
621 379 0 0 0 1 0
646 378 0 0 0 1 0
671 377 0 0 0 1 0
719 378 1 0 0 1 0
